id	x	y	z
1	334.6912003	510.4062636	6.3
1	346.9762345	508.1330092	6.3
1	332.8473892	431.7743056	6.3
1	320.5623551	434.0473159	6.3
2	347.2937351	508.2917595	6.3
2	368.626926	504.3444939	6.3
2	366.2825046	491.6735955	6.3
2	344.9493137	495.6210442	6.3
3	321.356096	432.4598307	5
3	331.8336351	430.7134928	5
3	330.1731737	420.7509684	5
3	319.6956956	422.4971232	5
4	339.4536748	411.3460134	10
4	341.8259282	425.4480642	10
4	358.8122564	422.5907034	10
4	356.4398809	408.4884695	10
5	347.7411504	409.9519094	10
5	338.601502	355.6224417	10
5	330.3140874	357.0168508	10
5	339.4536748	411.3460134	10
6	338.601502	355.6224417	10
6	347.7411504	409.9519094	10
6	353.4301763	408.9948782	10
6	344.2905889	354.6654714	10
7	385.649964	418.6484635	10
7	402.0012467	415.7909578	10
7	399.4667884	401.288224	10
7	383.1155057	404.1457297	10
8	338.601502	355.6224417	10
8	336.525501	343.284112	10
8	305.639804	348.4808231	10
8	307.7158049	360.8191528	10
9	338.601502	355.6224417	10
9	385.8583989	347.671174	10
9	383.782398	335.3328444	10
9	336.525501	343.284112	10
10	390.0614957	348.0812853	10
10	383.1152171	349.25004	10
10	391.9702011	401.8780093	10
10	398.9164797	400.7092546	10
11	382.8988373	349.1598688	10
11	378.1664988	349.9561143	10
11	387.0265114	402.61397	10
11	391.7588499	401.8177245	10
12	374.1797819	349.6361742	10
12	372.1046051	349.9853356	10
12	377.500781	382.0565153	10
12	379.5759579	381.7073539	10
13	307.7158049	360.8191528	10
13	307.9261705	362.0694219	10
13	330.5244164	358.2671261	10
13	330.3140509	357.016857	10
14	383.782398	335.3328444	14
14	378.8017203	305.7311023	14
14	367.0497185	307.7084499	14
14	372.0303962	337.310192	14
15	305.639804	348.4808231	14
15	316.6721437	346.6245632	14
15	312.0162751	318.9532641	14
15	300.9839354	320.809524	14
16	312.0162751	318.9532641	10
16	316.6721437	346.6245632	10
16	372.0303962	337.310192	10
16	367.3745276	309.6388929	10
17	377.633073	300.8292695	13.6
17	401.0487448	296.1990519	13.6
17	398.582728	283.7280524	13.6
17	375.1670561	288.35827	13.6
18	398.582728	283.7280524	13.6
18	396.6492274	273.9500637	13.6
18	375.1195263	278.2073493	13.6
18	377.0530269	287.9853379	13.6
19	396.6492274	273.9500637	6
19	395.3638776	267.4498663	6
19	378.4268246	270.7990011	6
19	379.7121743	277.2991985	6
20	395.3638776	267.4498663	5
20	393.648703	258.7759834	5
20	374.3257747	262.5969014	5
20	376.0409493	271.2707844	5
21	393.648703	258.7759834	11.3
21	391.4715592	247.7658559	11.3
21	367.3143023	252.5427146	11.3
21	369.4914462	263.552842	11.3
22	367.5788862	245.5047839	13
22	392.7562778	241.8722249	13
22	389.5393468	219.5755653	13
22	364.3619552	223.2081243	13
23	363.8797829	223.1634334	3
23	357.4116755	224.0966429	3
23	359.2914899	237.1257012	3
23	365.7595973	236.1924917	3
24	357.0034436	224.8216089	13
24	342.9182888	226.8537954	13
24	346.0509407	248.5663136	13
24	360.1360955	246.5341271	13
25	339.4545968	229.7213602	13
25	336.6847613	230.1209882	13
25	339.0153665	246.2744931	13
25	341.785202	245.8748651	13
26	358.1861591	283.6313184	3
26	363.7424202	282.7052749	3
26	362.2085489	273.5020471	3
26	356.6522878	274.4280906	3
27	399.0379075	373.0342056	3.5
27	410.4700435	370.6525106	3.5
27	403.800417	338.6383035	3.5
27	392.368281	341.0199985	3.5
28	408.324801	473.073364	8
28	437.0850631	467.1108706	8
28	425.840249	412.8711788	8
28	397.0799869	418.8336722	8
29	444.4404983	491.5942344	10
29	408.0909138	499.6346955	10
29	419.3050313	550.3318519	10
29	455.6546158	542.2913908	10
30	455.6546158	542.2913908	10
30	428.6949435	548.2548206	10
30	429.3592181	551.2578954	10
30	456.3188904	545.2944655	10
31	456.3188904	545.2944655	3.5
31	440.3195402	548.8334923	3.5
31	441.2654919	553.1099824	3.5
31	457.2648421	549.5709556	3.5
32	415.7331492	497.9442471	3.5
32	444.4404983	491.5942344	3.5
32	443.5295151	487.4758314	3.5
32	414.822166	493.8258442	3.5
33	413.6164783	531.0172299	6.3
33	386.423992	533.342903	6.3
33	388.1437871	553.4512766	6.3
33	415.3362734	551.1256034	6.3
34	471.2782679	552.4033724	14
34	493.578949	547.8052938	14
34	485.1599547	506.9731714	14
34	462.8592736	511.57125	14
35	462.8592736	511.57125	12
35	485.1599547	506.9731714	12
35	481.7457466	490.4142622	12
35	459.4450655	495.0123408	12
36	459.4450655	495.0123408	12.5
36	480.6939388	490.6311298	12.5
36	478.809942	481.4937454	12.5
36	457.5610687	485.8749564	12.5
37	478.809942	481.4937454	12
37	477.5378679	475.324186	12
37	455.314895	479.9062423	12
37	456.5869691	486.0758017	12
38	455.314895	479.9062423	12
38	475.5182398	475.7406042	12
38	474.9205592	472.8418531	12
38	454.7172144	477.0074912	12
39	454.7172144	477.0074912	12.5
39	477.1073776	472.3909627	12.5
39	474.7618089	461.0149545	12.5
39	452.3716457	465.631483	12.5
40	452.3716457	465.631483	12.5
40	470.3009139	461.9347266	12.5
40	469.906695	460.022765	12.5
40	451.9774268	463.7195213	12.5
41	451.9774268	463.7195213	13
41	471.3745164	459.7201214	13
41	466.7316887	437.2024068	13
41	447.3345991	441.2018068	13
42	467.5597776	441.2186383	13
42	471.0330309	458.0639165	13
42	473.0817014	457.6415102	13
42	469.6084481	440.796232	13
43	447.3345991	441.2018068	13
43	465.4679494	437.4629717	13
43	463.0275146	425.6268629	13
43	444.8941643	429.365698	13
44	444.8941643	429.365698	13
44	463.0275146	425.6268629	13
44	462.5765163	423.4395212	13
44	444.443166	427.1783563	13
45	444.443166	427.1783563	13
45	460.4369246	423.8806741	13
45	460.1832381	422.6502944	13
45	444.1894794	425.9479766	13
46	460.1832381	422.6502944	17.25
46	458.6820234	415.3694032	17.25
46	443.5806007	418.4830986	17.25
46	445.0818154	425.7639898	17.25
47	446.3409422	417.913956	17.25
47	454.0077579	416.3331692	17.25
47	453.7009334	414.8450705	17.25
47	446.0341177	416.4258572	17.25
48	460.1832381	422.6502944	17.25
48	461.1421624	422.4525781	17.25
48	460.0509461	417.1601793	17.25
48	459.0920218	417.3578956	17.25
49	482.5934912	458.5410953	3
49	556.3594721	452.1910827	3
49	555.3285158	440.2148066	3
49	481.5625349	446.5648193	3
50	513.5227842	455.8786024	7
50	492.0766315	457.7247562	7
50	495.3993502	496.3236709	7
50	516.8455028	494.4775172	7
51	495.3993502	496.3236709	7
51	492.327747	460.6418803	7
51	489.6843387	460.8694333	7
51	492.755942	496.551224	7
52	516.8455028	494.4775172	7
52	519.456656	494.2527407	7
52	516.8835598	464.3619403	7
52	514.2724067	464.5867168	7
53	519.456656	494.2527407	7
53	521.0451426	494.1159987	7
53	519.7410655	478.9669695	7
53	518.1525789	479.1037116	7
54	521.0451426	494.1159987	7
54	493.9418432	496.4491376	7
54	494.3410147	501.0861805	7
54	521.4443142	498.7530415	7
55	494.3410147	501.0861805	7
55	494.516837	503.1286495	7
55	514.5552218	501.4036811	7
55	514.3793995	499.361212	7
56	494.516837	503.1286495	7
56	494.6485448	504.6586551	7
56	504.1835344	503.8378526	7
56	504.0518266	502.307847	7
57	494.6485448	504.6586551	7
57	494.0764833	498.0132071	7
57	487.8851685	498.5461754	7
57	488.4572299	505.1916233	7
58	519.5109222	455.3631243	7
58	520.4847632	466.6759106	7
58	531.3827555	465.7377764	7
58	530.4089145	454.4249901	7
59	531.3827555	465.7377764	7
59	522.572902	466.4961569	7
59	523.9744073	482.7769772	7
59	532.7842608	482.0185967	7
60	532.7842608	482.0185967	7
60	534.9598198	481.8313176	7
60	533.7110935	467.3252796	7
60	531.5355344	467.5125587	7
61	534.9598198	481.8313176	7
61	525.9413635	482.6076552	7
61	527.1494137	496.6411716	7
61	536.16787	495.8648339	7
62	536.16787	495.8648339	7
62	537.809261	495.7235377	7
62	536.8860998	484.9994816	7
62	535.2447088	485.1407778	7
63	508.4168762	533.3654117	8
63	547.4694543	524.0520597	8
63	542.2879416	502.3250349	8
63	503.2353635	511.6383869	8
64	609.1773582	528.5119203	24.2
64	614.068492	517.3078116	24.2
64	589.2737046	506.4836912	24.2
64	584.3825708	517.6878	24.2
65	589.2737046	506.4836912	24.2
65	610.1341938	515.5903007	24.2
65	619.3304314	494.5245007	24.2
65	598.4699422	485.4178912	24.2
66	610.1341938	515.5903007	24.2
66	612.8691154	516.7842259	24.2
66	617.319594	506.5895248	24.2
66	614.5846724	505.3955996	24.2
67	598.4699422	485.4178912	24.2
67	618.3553174	494.0988164	24.2
67	619.647932	491.1378272	24.2
67	599.7625568	482.456902	24.2
68	619.647932	491.1378272	24.2
68	620.8737687	488.3298059	24.2
68	602.8203984	480.4486392	24.2
68	601.5945616	483.2566605	24.2
69	374.9781944	500.2427644	25
69	381.592791	499.3167209	25
69	380.8147909	493.7595775	25
69	374.2001943	494.685621	25
70	380.8147909	493.7595775	20
70	382.5885875	506.4295531	20
70	399.8490775	504.0130845	20
70	398.0752809	491.3431089	20
71	439.9255951	409.3264576	12.5
71	453.0406083	407.677494	12.5
71	448.4897659	371.4824216	12.5
71	435.3747527	373.1313852	12.5
72	435.3747527	373.1313852	12.5
72	432.8535604	373.4483772	12.5
72	436.4330882	401.9181095	12.5
72	438.9542804	401.6011174	12.5
73	448.4897659	371.4824216	12.5
73	450.8659037	390.381006	12.5
73	455.9064604	389.7472518	12.5
73	453.5303226	370.8486674	12.5
74	453.0406083	407.677494	12.5
74	457.5398216	407.1118034	12.5
74	456.6472953	400.0131057	12.5
74	452.148082	400.5787962	12.5
75	457.8511518	372.4566964	11
75	458.7771953	394.9463247	11
75	466.7203093	394.6192553	11
75	465.7942657	372.129627	11
76	472.8795152	383.4104683	9
76	479.4621174	383.1162738	9
76	478.8987981	370.512005	9
76	472.3161959	370.8061995	9
77	478.8987981	370.512005	7
77	479.8612389	392.0466178	7
77	488.0930873	391.678714	7
77	487.1306465	370.1441012	7
78	487.1306465	370.1441012	7
78	487.8694046	386.6738121	7
78	495.7660193	386.3208908	7
78	495.0272613	369.7911798	7
79	495.0272613	369.7911798	11
79	495.9067791	389.4703906	11
79	524.9363902	388.1729778	11
79	524.0568724	368.4937671	11
80	495.0272613	369.7911798	11
80	523.293469	368.5278857	11
80	523.2165951	366.8078309	11
80	494.9503874	368.0711251	11
81	524.9363902	388.1729778	13
81	539.1699903	387.5368393	13
81	538.2317293	366.543247	13
81	523.9981291	367.1793856	13
82	538.2317293	366.543247	16
82	538.885026	381.1607616	16
82	575.8687837	379.5078563	16
82	575.215487	364.8903417	16
83	578.4087888	379.4020228	16
83	564.2142807	380.0364142	16
83	564.45199	385.3551597	16
83	578.6464981	384.7207682	16
84	580.0223342	384.8266018	16
84	563.262127	385.5756613	16
84	563.7773012	397.1026832	16
84	580.5375083	396.3536236	16
85	580.5375083	396.5652907	16
85	560.3318812	397.4683355	16
85	560.6022948	403.5188418	16
85	580.807922	402.6157971	16
86	580.9632341	402.6815793	16
86	564.404241	403.4216461	16
86	564.5676146	407.0771311	16
86	581.1266078	406.3370644	16
87	581.2887963	406.5887827	16
87	582.5491863	406.5324525	16
87	582.1129629	396.7719533	16
87	580.8525729	396.8282836	16
88	581.3850173	406.7441195	12
88	562.0113892	407.6099799	12
88	562.2956315	413.9699044	12
88	581.6692597	413.104044	12
89	581.82801	413.5273782	12
89	560.0951337	414.4986798	12
89	560.4700029	422.8863806	12
89	582.2028792	421.915079	12
90	581.9912121	422.4971635	5
90	567.6746335	423.1370105	5
90	568.0371014	431.2472306	5
90	582.35368	430.6073836	5
91	582.5124303	428.8611301	5
91	583.6710334	428.809349	5
91	583.4358822	423.5478402	5
91	582.2772792	423.5996214	5
92	583.0360321	430.8731031	5
92	569.219538	431.4905999	5
92	569.7833549	444.1060063	5
92	583.599849	443.4885096	5
93	584.3936006	443.6472599	14
93	563.0877878	444.5994747	14
93	563.5127173	454.1072763	14
93	584.8185301	453.1550615	14
94	443.1773308	360.9508261	14
94	441.2823031	340.1055215	14
94	427.3552158	341.3716203	14
94	429.2502435	362.216925	14
95	438.1834188	340.3872382	14
95	436.9934421	327.2974938	14
95	424.4977101	328.4334694	14
95	425.6876869	341.5232139	14
96	436.9934421	327.2974938	12.8
96	436.3187532	319.8759165	12.8
96	421.6402044	321.21033	12.8
96	422.3148933	328.6319073	12.8
97	436.3187532	319.8759165	12.8
97	436.9934421	327.2974938	12.8
97	444.9517777	326.5740088	12.8
97	444.2770888	319.1524314	12.8
98	421.6402044	321.21033	5
98	440.5841921	319.4881493	5
98	439.4996151	307.5578027	5
98	420.5556274	309.2799834	5
99	439.4996151	307.5578027	11
99	438.4618825	296.142744	11
99	417.6714465	298.0327836	11
99	418.7091791	309.4478423	11
100	436.586807	296.3132054	11
100	435.7924048	287.5747812	11
100	415.0520662	289.4602665	11
100	415.8464684	298.1986907	11
101	435.7924048	287.5747812	12
101	433.9882465	267.7290396	12
101	410.6070573	269.8546023	12
101	412.4112157	289.7003438	12
102	431.504845	267.9548034	12
102	429.6466856	247.5150494	12
102	406.5589242	249.6139368	12
102	408.4170837	270.0536908	12
103	429.6466856	247.5150494	12
103	428.4669018	234.5374278	12
103	409.6016387	236.2524517	12
103	410.7814224	249.2300733	12
104	401.6641228	237.0991201	14
104	409.0950439	235.8288772	14
104	405.3682969	214.0274073	14
104	397.9373758	215.2976502	14
105	409.0950439	235.8288772	19.57
105	417.7853984	234.3433465	19.57
105	414.2583146	213.7099066	19.57
105	405.5679601	215.1954373	19.57
106	417.7853984	234.3433465	14
106	425.567871	233.0130093	14
106	422.0407873	212.3795695	14
106	414.2583146	213.7099067	14
107	425.567871	233.0130093	7.5
107	431.8834947	231.9334155	7.5
107	428.356411	211.2999757	7.5
107	422.0407873	212.3795695	7.5
108	428.356411	211.2999757	7.5
108	431.273688	228.366046	7.5
108	434.0491876	227.8916017	7.5
108	431.1319106	210.8255313	7.5
109	431.1319106	210.8255313	7.5
109	433.406329	224.1308789	7.5
109	440.5050338	222.9174251	7.5
109	438.2306154	209.6120775	7.5
110	438.2306154	209.6120775	15
110	442.2264346	232.9876194	15
110	467.7042549	228.6324365	15
110	463.7084357	205.2568945	15
111	467.7042549	228.6324365	22.3
111	556.0658602	213.5278886	22.3
111	553.1119257	196.2473717	22.3
111	464.7503204	211.3519196	22.3
112	464.7503204	211.3519196	22.3
112	503.7786955	204.6804025	22.3
112	502.7351583	198.5757097	22.3
112	463.7067831	205.2472268	22.3
113	556.0658602	213.5278886	22.3
113	484.0364614	225.8406063	22.3
113	484.5317885	228.73827	22.3
113	556.5611873	216.4255523	22.3
114	556.5611873	216.4255523	22.3
114	537.985203	219.6009343	22.3
114	539.5652319	228.8441036	22.3
114	558.1412163	225.6687216	22.3
115	553.7305963	199.866595	22.3
115	557.1597264	219.9270058	22.3
115	560.0969397	219.4249181	22.3
115	556.6678096	199.3645073	22.3
116	542.4227376	244.4016347	12
116	562.3194441	242.6024644	12
116	561.3046622	231.3801703	12
116	541.4079557	233.1793406	12
117	541.4079557	233.1793406	8
117	524.5655805	234.7023213	8
117	525.7010375	247.2591404	8
117	542.5434128	245.7361597	8
118	525.2376753	242.1348995	12
118	503.4977609	244.1007429	12
118	507.2860007	285.9942179	12
118	529.0259151	284.0283746	12
119	503.4977609	244.1007429	25
119	471.991804	246.9496858	25
119	476.5942727	297.8475749	25
119	508.1002296	294.998632	25
120	525.2376753	242.1348995	8
120	524.7147329	236.3517719	8
120	464.9525827	241.7557961	8
120	465.4755251	247.5389237	8
121	524.7147329	236.3517719	8
121	524.5589661	234.6291737	8
121	475.0067695	239.1099575	8
121	475.1625363	240.8325556	8
122	471.991804	246.9496858	12
122	465.6374549	247.5242812	12
122	466.8575865	261.0175013	12
122	473.2119356	260.4429059	12
123	476.5942727	297.8475749	12
123	474.9273906	279.4138205	12
123	468.8684239	279.9617058	12
123	470.5353059	298.3954602	12
124	470.5353059	298.3954602	12
124	471.5022722	309.0889698	12
124	525.595204	304.1975876	12
124	524.6282377	293.5040781	12
125	524.6282377	293.5040781	12
125	523.8140088	284.499664	12
125	507.2860007	285.9942179	12
125	508.1002296	294.998632	12
126	528.6133475	279.4658626	8
126	529.6385307	290.8031827	8
126	548.8785839	289.0633907	8
126	547.8534007	277.7260706	8
127	529.6385307	290.8031827	8
127	529.0259151	284.0283746	8
127	523.8140088	284.499664	8
127	524.4266244	291.2744721	8
128	548.7154957	287.2598276	12
128	568.9209856	285.4327355	12
128	567.928622	274.4583615	12
128	547.7231321	276.2854537	12
129	525.4023257	302.0645812	5
129	549.8542852	299.8534998	5
129	548.8785839	289.0633907	5
129	524.4266244	291.2744721	5
130	548.8785839	289.0633907	5
130	549.8542852	299.8534998	5
130	570.9110233	297.949433	5
130	569.935322	287.159324	5
131	570.9110233	297.949433	8.5
131	552.8491491	299.5826876	8.5
131	553.3765095	305.4146734	8.5
131	571.4383838	303.7814188	8.5
132	571.4383838	303.7814188	8.5
132	555.5558614	305.2176043	8.5
132	556.2340153	312.717188	8.5
132	572.1165376	311.2810025	8.5
133	572.1165376	311.2810025	8.5
133	548.0582351	313.4564873	8.5
133	548.5081665	318.4321994	8.5
133	572.566469	316.2567147	8.5
134	553.5881766	346.6897559	15
134	567.3465375	346.0547547	15
134	566.9466247	337.3899769	15
134	553.1882638	338.0249781	15
135	553.5881766	346.6897559	12
135	553.8015185	351.3121622	12
135	573.6965502	350.39393	12
135	573.4832084	345.7715237	12
136	573.4832084	345.7715237	12
136	573.0832955	337.1067459	12
136	566.9466247	337.3899769	12
136	567.3465375	346.0547547	12
137	566.9466247	337.3899769	12
137	573.0832955	337.1067459	12
137	572.1854602	317.6536455	12
137	566.0487893	317.9368764	12
138	566.9466247	337.3899769	15
138	566.0487893	317.9368764	15
138	557.1679201	318.3467627	15
138	558.0657554	337.7998631	15
139	558.0657554	337.7998631	12
139	557.1679201	318.3467627	12
139	552.2595582	318.5733025	12
139	553.1573936	338.0264029	12
140	553.8015185	351.3121622	11
140	553.0456735	334.935521	11
140	521.9439467	336.3709853	11
140	522.6997917	352.7476266	11
141	541.0071077	335.4911471	11
141	552.1739965	334.9757522	11
141	551.9477567	330.0738894	11
141	540.7808679	330.5892842	11
142	521.9439467	336.3709853	11
142	534.8192573	335.7767402	11
142	534.6439721	331.9788932	11
142	521.7686614	332.5731383	11
143	522.6997917	352.7476266	15
143	521.8851183	335.0963709	15
143	466.751753	337.6409878	15
143	467.5664263	355.2922435	15
144	522.6997917	352.7476266	15
144	467.5664263	355.2922435	15
144	467.6806711	357.7675461	15
144	522.8140364	355.2229292	15
145	521.8851183	335.0963709	15
145	521.8016188	333.2872147	15
145	474.4776017	335.4714002	15
145	474.5611013	337.2805564	15
146	513.7030655	333.6609941	15
146	513.5445401	330.2262782	15
146	505.3809969	330.6030571	15
146	505.5395222	334.0377731	15
147	498.3053345	334.3716587	15
147	498.1982512	332.0515194	15
147	489.4530484	332.4551441	15
147	489.5601317	334.7752834	15
148	474.4776017	335.4714002	15
148	482.4648599	335.1027575	15
148	482.3622008	332.8784783	15
148	474.3749427	333.247121	15
149	467.2008581	347.3715999	6
149	442.532252	348.510151	6
149	443.0333278	359.3667929	6
149	467.7019339	358.2282418	6
150	444.0677049	348.439284	6
150	459.2136	347.7402426	6
150	459.0259042	343.6734999	6
150	443.8800091	344.3725412	6
151	459.0259042	343.6734999	6
151	458.8834263	340.5864799	6
151	451.617556	340.9218277	6
151	451.7600339	344.0088478	6
152	467.7019339	358.2282418	6
152	445.1699372	359.2681802	6
152	445.2146266	360.2364497	6
152	467.7466233	359.1965114	6
153	464.6946134	414.877427	3
153	524.6228583	409.7180417	3
153	523.9779538	402.2272285	3
153	464.049709	407.3866138	3
154	469.0945901	406.7882794	3
154	485.0358859	405.41585	3
154	484.0224646	393.6445721	3
154	468.0811688	395.0170015	3
155	529.4382846	432.7368378	3
155	543.4703385	431.4716526	3
155	542.7733113	423.7409864	3
155	528.7412573	425.0061716	3
156	542.7733113	423.7409864	3
156	541.4290665	408.8320905	3
156	532.1899568	409.6651249	3
156	533.5342015	424.5740209	3
157	526.1891948	412.7237144	3
157	531.9042062	412.4062138	3
157	531.2858126	401.27513	3
157	525.5708012	401.5926306	3
158	556.9750314	434.5860946	3
158	566.9233846	433.7394263	3
158	566.2483331	425.8075707	3
158	556.2999799	426.6542391	3
159	170.1752917	263.0680262	13.68
159	172.5234133	277.6582959	13.68
159	274.1236165	261.3070132	13.68
159	271.7754949	246.7167435	13.68
160	174.6930009	277.9228798	13.68
160	174.9664374	279.6219025	13.68
160	197.2686793	276.0326355	13.68
160	196.9952428	274.3336128	13.68
161	184.0924029	324.4514823	18.4
161	193.7795121	322.9747888	18.4
161	189.8107542	296.9397367	18.4
161	180.123645	298.4164302	18.4
162	172.846961	299.5256809	16
162	176.8157189	325.5607329	16
162	184.0924029	324.4514823	16
162	180.123645	298.4164302	16
163	176.8157189	325.5607329	16
163	177.7940283	331.9784428	16
163	194.8874245	329.3727421	16
163	193.9091151	322.9550323	16
164	189.8107542	296.9397367	16
164	188.6736714	289.4804734	16
164	171.7098781	292.0664175	16
164	172.846961	299.5256809	16
165	177.7940283	331.9784428	8
165	180.8298304	351.8933041	8
165	197.9232266	349.2876035	8
165	194.8874245	329.3727421	8
166	180.8298304	351.8933041	8
166	178.3999918	335.9535632	8
166	176.7898883	336.1990058	8
166	179.2197269	352.1387467	8
167	194.8874245	329.3727421	8
167	196.5541125	340.3062153	8
167	197.9830557	340.0883886	8
167	196.3163677	329.1549154	8
168	179.2197269	352.1387467	8
168	180.4326634	360.0956097	8
168	199.7293092	357.1540477	8
168	198.5163727	349.1971848	8
169	180.4326634	360.0956097	13
169	183.1243123	377.7528259	13
169	203.6980671	374.6165826	13
169	201.0064182	356.9593665	13
170	183.1243123	377.7528259	13
170	180.9053783	363.1966197	13
170	179.4092685	363.4246853	13
170	181.6282025	377.9808914	13
171	181.6282025	377.9808914	5
171	182.859093	386.0555322	5
171	198.5386818	383.6653507	5
171	197.3077913	375.59071	5
172	182.859093	386.0555322	10
172	187.4599164	416.2369319	10
172	207.4286996	413.1929098	10
172	202.8278761	383.0115101	10
173	187.4599164	416.2369319	10
173	184.2276303	395.0331361	10
173	183.2986513	395.1747488	10
173	186.5309375	416.3785445	10
174	186.5309375	416.3785445	12
174	189.8733989	438.3050892	12
174	209.3337034	435.3385791	12
174	205.991242	413.4120344	12
175	205.991242	413.4120344	12
175	209.3337034	435.3385791	12
175	211.5937136	434.9940653	12
175	208.2512521	413.0675206	12
176	189.8733989	438.3050892	12
176	188.7190831	430.7327778	12
176	187.664285	430.8935702	12
176	188.8186009	438.4658816	12
177	188.8186009	438.4658816	10
177	190.5710724	454.8052291	10
177	210.8480494	452.6304285	10
177	209.0955779	436.291081	10
178	190.5710724	454.8052291	13
178	191.0435406	459.2103348	13
178	206.3968225	457.5636235	13
178	205.9243543	453.1585178	13
179	191.0435406	459.2103348	13
179	192.8678052	476.2190532	13
179	204.7299442	474.9467833	13
179	202.9056796	457.938065	13
180	204.7299442	474.9467833	13
180	208.9464044	474.4945482	13
180	207.6668251	462.5642586	13
180	203.4503648	463.0164936	13
181	208.9464044	474.4945482	6
181	222.9454423	472.9930859	6
181	221.6658629	461.0627963	6
181	207.6668251	462.5642586	6
182	222.9454423	472.9930859	12
182	243.3859179	470.8007493	12
182	241.0857513	449.3549092	12
182	220.6452757	451.5472458	12
183	243.3859179	470.8007493	13.5
183	262.5512223	468.7451808	13.5
183	260.2510556	447.2993407	13.5
183	241.0857513	449.3549092	13.5
184	262.5512223	468.7451808	14.5
184	277.6270481	467.128228	14.5
184	275.2170695	444.6585456	14.5
184	260.1412438	446.2754985	14.5
185	277.6270481	467.128228	14.5
185	279.2517882	466.953967	14.5
185	277.5983243	451.5377261	14.5
185	275.9735841	451.7119871	14.5
186	279.2517882	466.953967	13
186	286.2260131	466.2059488	13
186	284.2129209	447.4366762	13
186	277.238696	448.1846944	13
187	286.1311539	464.5684813	13
187	300.0647126	463.0083531	13
187	298.6988873	450.8101204	13
187	284.7653286	452.3702487	13
188	300.0647126	463.0083531	13
188	309.2457984	461.9803551	13
188	307.1655709	443.4017723	13
188	297.9844852	444.4297703	13
189	306.0410895	440.8882256	14
189	302.1182098	414.6351073	14
189	289.769182	416.4803643	14
189	293.6920617	442.7334826	14
190	289.769182	416.4803643	14
190	284.7462772	417.2309133	14
190	288.3801167	441.5496853	14
190	293.4030215	440.7991363	14
191	307.1655709	443.4017723	13
191	306.9078149	441.0997446	13
191	297.8030497	442.1191971	13
191	298.0608057	444.4212248	13
192	300.6902888	414.8484748	14
192	294.6871682	374.6737444	14
192	272.2722511	378.0230999	14
192	278.2753718	418.1978302	14
193	293.6314211	374.8314997	11
193	292.3400857	366.1894857	11
193	272.0208965	369.2256864	11
193	273.3122319	377.8677004	11
194	274.4021512	365.7860962	10
194	295.7011522	361.6850463	10
194	292.8712111	346.9876106	10
194	271.5722102	351.0886605	10
195	289.6389121	346.9887818	13.5
195	283.5884066	315.5651889	13.5
195	262.8927532	319.5500662	13.5
195	268.9432587	350.9736592	13.5
196	272.1405901	316.5605579	12
196	285.0350347	314.0777767	12
196	274.9445482	261.6723463	12
196	262.0501035	264.1551276	12
197	220.0301675	353.0596124	4
197	254.7720639	346.1112331	4
197	249.8752272	321.6270495	4
197	215.1333308	328.5754288	4
198	220.0830843	326.4953926	3
198	231.7247742	324.5903888	3
198	224.6107564	281.1158358	3
198	212.9690665	283.0208396	3
199	198.8078959	508.1719019	8.5
199	213.0147981	506.4020184	8.5
199	210.5673974	486.7566666	8.5
199	196.3604951	488.52655	8.5
200	198.4752299	505.5015832	8.5
200	196.9620042	493.3548792	8.5
200	195.8974734	493.4874975	8.5
200	197.4106991	505.6342015	8.5
201	210.5673974	486.7566666	9.5
201	212.884748	505.3581028	9.5
201	222.6865895	504.136998	9.5
201	220.3692388	485.5355618	9.5
202	198.8078959	508.1719019	4
202	200.0417871	518.0763804	4
202	208.9282286	516.9693153	4
202	207.6943373	507.0648367	4
203	200.395399	522.0625546	10
203	202.5120699	541.7740524	10
203	214.4068182	540.496764	10
203	212.2901473	520.7852662	10
204	230.3462923	485.2853977	7.5
204	232.4417184	501.821592	7.5
204	284.4324474	495.2334539	7.5
204	282.3370213	478.6972595	7.5
205	235.3014204	501.9504953	7.5
205	235.5632145	504.0164611	7.5
205	244.5566419	502.8768359	7.5
205	244.2948478	500.8108702	7.5
206	244.7424441	500.417383	7.5
206	245.5084965	506.4627362	7.5
206	253.7355057	505.4202297	7.5
206	252.9694534	499.3748765	7.5
207	282.9994128	495.4820993	7.5
207	263.5355391	497.9485139	7.5
207	264.1336515	502.6685575	7.5
207	283.5975252	500.202143	7.5
208	282.7552017	500.4802942	7.5
208	271.1397796	501.9521721	7.5
208	271.4669694	504.5342118	7.5
208	283.0823915	503.0623339	7.5
209	282.7868138	478.935385	12.3
209	284.88224	495.4715793	12.3
209	314.3034676	491.7433932	12.3
209	312.2080415	475.2071989	12.3
210	315.4893793	491.8735359	12.3
210	294.2447886	494.6937302	12.3
210	296.9155921	514.8129568	12.3
210	318.1601828	511.9927625	12.3
211	300.4874742	521.6392205	8
211	302.4039106	535.6619256	8
211	326.2164583	532.4075441	8
211	324.3000219	518.3848389	8
212	306.0437354	537.7523777	3
212	306.9371942	543.770086	3
212	325.1141056	541.0713306	3
212	324.2206467	535.0536223	3
213	320.1501067	541.8083436	7.5
213	303.0852369	544.3419924	7.5
213	306.361236	566.40681	7.5
213	323.4261058	563.8731612	7.5
214	320.1501067	541.8083436	7.5
214	323.4261058	563.8731612	7.5
214	328.7611244	563.0810624	7.5
214	325.4851253	541.0162448	7.5
215	303.2656048	544.1817655	6
215	293.3267516	545.5661058	6
215	295.5662144	561.6443005	6
215	305.5050676	560.2599602	6
216	202.5120699	541.7740524	12.5
216	204.1584787	557.1062343	12.5
216	226.0206769	554.7586158	12.5
216	224.3742681	539.4264338	12.5
217	204.1584787	557.1062343	10
217	206.5207954	579.1053086	10
217	223.3219215	577.3011609	10
217	220.9596048	555.3020866	10
218	208.5916211	578.8829381	7.5
218	210.0169737	592.1565344	7.5
218	227.1319291	590.3186869	7.5
218	225.7065765	577.0450905	7.5
219	208.5916211	578.8829381	7.5
219	207.2051366	579.0318223	7.5
219	208.081891	587.1965973	7.5
219	209.4683755	587.0477131	7.5
220	225.9530329	579.3402156	7.5
220	226.7977784	587.2069087	7.5
220	230.8361032	586.7732631	7.5
220	229.9913576	578.90657	7.5
221	210.0169737	592.1565344	6.5
221	211.2639593	603.769088	6.5
221	222.6869202	602.5424613	6.5
221	221.4399346	590.9299078	6.5
222	217.253381	534.5187212	4
222	247.6805252	531.079131	4
222	246.3805995	519.5797877	4
222	215.9534552	523.0193779	4
223	246.3805995	519.5797877	3
223	247.2994328	527.7079288	3
223	275.9909986	524.4645344	3
223	275.0721653	516.3363933	3
224	293.3267516	545.5661058	4
224	291.8660304	528.6978762	4
224	280.3916737	529.6915096	4
224	281.8523949	546.5597392	4
225	270.4347375	597.7542645	4
225	280.161234	595.9015985	4
225	276.9862276	579.2328151	4
225	267.2597311	581.0854812	4
226	190.3110239	226.9641039	20
226	239.5474349	217.3934882	20
226	236.8883671	200.1293912	20
226	186.342266	209.1046932	20
227	240.3041448	219.2382551	17
227	256.4543437	216.5203615	17
227	253.3190249	197.510011	17
227	237.2878887	200.188217	17
228	256.3749685	213.9406688	20
228	264.8681105	212.789729	20
228	262.4471682	195.4065692	20
228	254.088964	196.5105013	20
229	265.5712137	212.7949837	18
229	272.6071885	211.7578519	18
229	270.1862462	194.6260469	18
229	262.9789818	195.7167497	18
230	273.0305227	211.691706	9
230	282.9524175	211.1625383	9
230	281.6956442	194.427609	9
230	270.7815599	195.6843823	9
231	345.1645008	205.7792644	8
231	352.126819	204.4923129	8
231	348.8686749	186.7292263	8
231	341.8836609	187.6817282	8
232	314.7902734	212.2351106	8
232	320.6111183	211.4942758	8
232	317.3302784	194.1375744	8
232	311.7211006	194.8784092	8
233	368.6595478	202.2867574	10
233	375.2212276	200.9109213	10
233	371.0937193	181.6492161	10
233	365.2728743	182.7075516	10
234	294.7287892	211.5205224	20
234	309.9423613	209.5361435	20
234	307.5611065	191.279857	20
234	291.9506586	194.0579875	20
235	290.6471984	211.7880568	7
235	294.4109037	210.9644293	7
235	291.7769713	194.8486262	7
235	287.2076082	195.913025	7
236	320.9949674	211.424254	8
236	329.2896715	210.4849813	8
236	325.592112	193.1811966	8
236	317.6810545	194.0146358	8
237	329.6534743	210.3196163	8
237	337.4982618	209.0077596	8
237	334.4490568	192.8901544	8
237	326.2138841	193.8161979	8
238	337.5909902	207.4091939	8
238	344.7911059	205.8404767	8
238	341.6258941	188.1607178	8
238	333.9198891	189.1529073	8
239	352.6786825	205.6734308	8
239	359.9813996	204.5649173	8
239	356.3102985	185.6802441	8
239	349.2326802	186.6062877	8
240	360.7892984	203.6373652	10
240	368.3615842	202.3331933	10
240	365.3908165	185.8813279	10
240	357.1236914	186.9408934	10
241	375.3788573	199.599009	6
241	382.482934	198.2099437	6
241	377.2579006	172.7830935	6
241	370.4618501	174.0601485	6
242	166.5533981	211.0348086	19
242	169.7500121	231.7878848	19
242	188.3237992	228.1366275	19
242	185.180102	208.1773029	19
243	166.6614365	210.6820301	14
243	183.0127192	208.1155666	14
243	178.6400298	181.7815348	14
243	162.7455953	184.0648935	14
244	471.9647826	184.028274	8
244	550.2816059	172.9157518	8
244	546.5774319	148.0448687	8
244	468.2606086	159.1573909	8
245	433.148098	192.8821507	16
245	452.5156367	189.6277692	16
245	448.3865074	162.721601	16
245	429.4	165.8	16
246	399.8209345	194.7813061	6
246	411.2914383	193.2589487	6
246	407.404231	173.0015659	6
246	397.0854603	174.853653	6
247	412.9604921	193.4009818	17
247	419.9509957	191.6319895	17
247	415.2094549	170.7790615	17
247	408.3302745	172.6311485	17
248	421.109675	193.5861905	10
248	432.3544892	191.3372276	10
248	428.6503151	166.9955123	10
248	415.6857058	169.2444751	10
249	461.9332011	187.3808169	9
249	471.3523866	185.740397	9
249	467.4365455	159.3878443	9
249	458.4406941	161.2399313	9
250	450.3105941	162.559626	12
250	450.2915112	162.4041003	12
250	450.2915112	162.5628506	12
250	450.3105941	162.559626	12
251	135.4759204	241.1326932	5
251	152.6209546	237.5343527	5
251	149.0226141	223.5643247	5
251	132.300914	227.5859994	5
252	130.6642206	280.2480943	7
252	148.6527565	277.494747	7
252	147.1710868	264.5830545	7
252	128.9110624	267.0258671	7
253	146.9594197	337.1848664	9
253	166.6444591	334.2215271	9
253	161.1411148	301.2014611	9
253	141.3494163	303.4452643	9
254	150.6071668	358.5608017	14
254	167.5572734	356.6582387	14
254	166.6973759	349.6203079	14
254	149.3406745	352.160313	14
255	157.746624	401.7922744	8
255	173.9734321	399.8912418	8
255	169.3900779	372.2722119	8
255	154.035286	374.411814	8
256	149.8902472	374.7063834	14
256	169.2577859	372.007628	14
256	167.1239906	357.0843095	14
256	147.8193173	359.2511605	14
257	135.5293969	304.3764674	3
257	151.4044286	301.8364623	3
257	148.4410894	283.8447597	3
257	131.9310563	286.3847648	3
258	546.7427968	148.0448687	21
258	550.4469708	172.9157518	21
258	556.9915192	171.8819601	21
258	552.9345011	146.9515124	21
259	557.6265205	171.5644595	8
259	588.5449353	166.2182684	8
259	586.2165973	146.2157284	8
259	554.323501	151.2673468	8
260	580.6074194	184.7391388	8
260	582.4065897	204.8475123	8
260	596.9983897	203.8156352	8
260	595.7416164	183.2574691	8
261	584.0602388	216.6347234	7
261	598.8637059	216.2378476	7
261	598.8637059	211.2372126	7
261	583.7427382	211.3959629	7
262	605.5312193	216.2378476	14
262	583.5443003	216.952224	14
262	586.4811812	266.3235728	14
262	608.8649759	265.0535702	14
263	587.8852395	294.798088	13
263	590.7780231	294.8245464	13
263	589.4692928	274.9237795	13
263	586.7607581	275.0204443	13
264	591.042607	294.8245464	18
264	609.4576438	293.3428768	18
264	608.1876413	272.599502	18
264	589.7373266	273.8959629	18
265	586.959196	273.0360653	7
265	601.9743302	272.3084597	7
265	601.8393924	265.8142488	7
265	586.7060775	266.6410734	7
266	588.3753811	303.9182938	14
266	605.8643745	302.8970001	14
266	605.7056242	294.3932747	14
266	587.8305589	295.2161306	14
267	589.2610756	310.6598906	8
267	604.2762098	309.932285	8
267	604.1412721	303.4380741	8
267	589.0079571	304.2648987	8
268	589.0434554	311.6348822	17
268	590.1547076	328.4624158	17
268	609.6016215	326.557412	17
268	608.2522438	309.8886287	17
269	602.2197318	333.3043005	17
269	610.0778725	332.5899241	17
269	609.4428712	326.8749126	17
269	601.6687266	327.6364615	17
270	602.9341082	339.1780622	5
270	610.7922489	338.4636858	5
270	610.1572476	332.7486744	5
270	602.3831031	333.5102232	5
271	592.6153375	334.8918037	3
271	600.4734783	334.1774272	3
271	599.838477	328.4624158	3
271	592.0643324	329.2239647	3
272	594.4285717	348.5195679	6
272	594.5203414	368.1499952	6
272	613.4910043	370.2931245	6
272	614.2053807	350.2112093	6
273	594.3615911	368.4674959	10
273	594.1512908	378.766328	10
273	612.7878432	380.6602866	10
273	613.332254	370.6106251	10
274	599.4416012	387.517534	10
274	608.5697445	388.7081613	10
274	609.4428712	381.8025225	10
274	600.1559776	380.2943945	10
275	596.7243249	387.0598039	7
275	599.1248535	387.3181877	7
275	599.9979802	380.4125489	7
275	597.4981203	380.0065887	7
276	609.0868836	388.8035329	7
276	611.4874121	389.0619167	7
276	612.3605389	382.1562779	7
276	609.860679	381.7503177	7
277	595.151833	402.0831509	8
277	607.9300915	403.9848558	8
277	609.5149384	389.0651323	8
277	595.4864001	387.0571892	8
278	594.6993345	386.7569473	4
278	596.5213483	386.953062	4
278	597.394475	380.0474231	4
278	595.4453561	379.7308996	4
279	595.5277779	402.5939356	11
279	595.6157185	417.4022812	11
279	607.0721998	419.095618	11
279	607.7184244	404.40819	11
280	597.5909191	433.7530582	8
280	608.2531198	433.7547429	8
280	608.1569936	424.3343784	8
280	597.3090553	424.1227114	8
281	597.6265559	443.7019172	8
281	615.988676	443.4373333	8
281	615.988676	434.0181478	8
281	597.4850855	433.9647253	8
282	602.9526903	480.1179094	17
282	621.9934067	488.4470171	17
282	632.5767612	466.8172864	17
282	612.6668256	458.1521649	17
283	573.1538715	552.4644056	17
283	594.6380812	562.0952582	17
283	608.9256097	531.4035301	17
283	586.2084393	522.4989602	17
284	157.7836658	479.2937384	14
284	185.0887204	477.0712339	14
284	183.9774682	466.9112136	14
284	156.3785899	469.5987151	14
285	182.0486518	452.6607268	12
285	163.1044472	454.7773977	12
285	164.9290576	468.4795112	12
285	184.2949688	466.593713	12
286	179.5086467	436.4681944	14
286	160.6702757	439.114033	14
286	163.1044472	454.5657306	14
286	182.0486518	452.4490597	14
287	163.3161143	432.6581868	8
287	178.2386442	430.5415159	8
287	177.1803087	423.3448348	8
287	162.3636124	424.932338	8
288	156.1194333	409.9039746	12
288	171.0419631	407.7873037	12
288	169.9836277	400.5906227	12
288	155.1669314	402.1781258	12
289	174.0185316	400.1981566	10
289	170.170132	400.8746004	10
289	171.1477967	407.5227198	10
289	174.8651999	406.9185867	10
290	164.7051796	490.9504214	11
290	167.1393511	512.4346311	11
290	188.4118937	510.6354608	11
290	185.8718886	489.0454176	11
291	188.4118937	510.8338987	10
291	173.9785598	512.0546284	10
291	176.4842045	529.0633094	10
291	190.8460652	527.3439317	10
292	190.6961344	527.7275783	8
292	179.1205904	529.1166436	8
292	179.5836121	535.2020724	8
292	191.42374	534.143737	8
293	178.6575686	535.9296781	10
293	181.2372613	558.2870145	10
293	195.3197869	557.2060149	10
293	192.6425726	534.5409215	10
294	179.3409482	543.7705339	10
294	170.6391742	545.0214859	10
294	172.24141	559.6099338	10
294	181.0388234	558.4854524	10
295	189.3070691	566.753698	12
295	165.2299376	568.4734932	12
295	166.2882731	583.1578975	12
295	190.6299884	580.7766428	12
296	198.0383366	586.4651958	11
296	177.2685033	588.9787425	11
296	179.1205904	606.3089855	11
296	199.8904236	603.398563	11
297	199.7052149	604.1658562	8
297	185.1531025	606.2825271	8
297	185.8145621	612.3150392	8
297	200.4989665	610.383577	8
298	160.9348596	417.7091986	8
298	175.8573894	415.5925277	8
298	174.799054	408.3958466	8
298	159.9823577	409.9833498	8
